0.055	0	0.99933	0.0366014	0	0	0	0	0	0	0	0	0	0	-0.0712178	-0.821294	0.567387	0	0	0	0	0	0	0
	0	-0.0366023	0.999306	0	0	0	0	0	0	0	0	0	0	-0.00430806	-0.567225	-0.823289	0	0	0	0	0	0	0
	1	0	0.0069294	0	0	0	0	0	0	0	0	0	0	0.997451	-0.06109	0.0163519	0	0	0	0	0	0	0
	0.359378	0.00345928	-0.0919541	1	0	0	0	0	0	0	0	0	0	0.287392	-0.0208495	0	0	0	0	0	0	0	0
	0.122991	0.0944466	0.00431146	0	1	0	0	0	0	0	0	0	0	0.198487	-0.00743119	0	0	0	0	0	0	0	0
	0	-0.354636	-0.13606	0	0	1	0	0	0	0	0	0	0	0.021377	0.349299	-2.77556e-17	0	0	0	0	0	0	0
0.055	0	0.99933	0.0366014	0	0	0	-0.0712178	0.977431	0.202629	0	0	0	0	0	0	0	0	0	0	0	0	0	0
	0	-0.0366023	0.999306	0	0	0	-0.00430806	-0.199696	0.978499	0	0	0	0	0	0	0	0	0	0	0	0	0	0
	1	0	0.0069294	0	0	0	0.997451	0.0689258	-0.0384929	0	0	0	0	0	0	0	0	0	0	0	0	0	0
	0.414514	-0.00370903	0.104135	1	0	0	0.341544	0.0209149	0	0	0	0	0	0	0	0	0	0	0	0	0	0	0
	-0.159944	-0.101265	-0.00481726	0	1	0	-0.0697798	-0.0180567	-4.33681e-19	0	0	0	0	0	0	0	0	0	0	0	0	0	0
	0	-0.420091	0.144661	0	0	1	0.0240847	-0.348908	0	0	0	0	0	0	0	0	0	0	0	0	0	0	0
0.06	0	0.999342	0.0362725	0	0	0	0	0	0	0	0	0	0	-0.0737218	-0.821399	0.567017	0	0	0	0	0	0	0
	0	-0.0362734	0.999317	0	0	0	0	0	0	0	0	0	0	-0.00431055	-0.566845	-0.823532	0	0	0	0	0	0	0
	1	0	0.0070008	0	0	0	0	0	0	0	0	0	0	0.99727	-0.0631709	0.0169057	0	0	0	0	0	0	0
	0.359489	0.00342799	-0.091923	1	0	0	0	0	0	0	0	0	0	0.287424	-0.0215622	0	0	0	0	0	0	0	0
	0.123136	0.0944421	0.00428996	0	1	0	0	0	0	0	0	0	0	0.19835	-0.00767644	0	0	0	0	0	0	0	0
	0	-0.354786	-0.136092	0	0	1	0	0	0	0	0	0	0	0.0221048	0.349251	-2.77556e-17	0	0	0	0	0	0	0
0.06	0	0.999342	0.0362725	0	0	0	-0.0737218	0.979653	0.190703	0	0	0	0	0	0	0	0	0	0	0	0	0	0
	0	-0.0362734	0.999317	0	0	0	-0.00431055	-0.18749	0.980793	0	0	0	0	0	0	0	0	0	0	0	0	0	0
	1	0	0.0070008	0	0	0	0.99727	0.0716091	-0.040959	0	0	0	0	0	0	0	0	0	0	0	0	0	0
	0.415343	-0.00369894	0.104812	1	0	0	0.342278	0.021894	0	0	0	0	0	0	0	0	0	0	0	0	0	0	0
	-0.155968	-0.101907	-0.00479075	0	1	0	-0.0655068	-0.0188236	0	0	0	0	0	0	0	0	0	0	0	0	0	0	0
	0	-0.420727	0.140796	0	0	1	0.0250193	-0.348807	-1.38778e-17	0	0	0	0	0	0	0	0	0	0	0	0	0	0
0.065	0	0.999352	0.0359937	0	0	0	0	0	0	0	0	0	0	-0.0761496	-0.821906	0.566059	0	0	0	0	0	0	0
	0	-0.0359946	0.999327	0	0	0	0	0	0	0	0	0	0	-0.00434916	-0.565875	-0.824181	0	0	0	0	0	0	0
	1	0	0.00710784	0	0	0	0	0	0	0	0	0	0	0.997087	-0.0652389	0.0174109	0	0	0	0	0	0	0
	0.359734	0.00340191	-0.0918914	1	0	0	0	0	0	0	0	0	0	0.287596	-0.0222674	0	0	0	0	0	0	0	0
	0.123064	0.0944507	0.00427655	0	1	0	0	0	0	0	0	0	0	0.198008	-0.00791663	0	0	0	0	0	0	0	0
	0	-0.355071	-0.13593	0	0	1	0	0	0	0	0	0	0	0.022828	0.349201	2.77556e-17	0	0	0	0	0	0	0
0.065	0	0.999352	0.0359937	0	0	0	-0.0761496	0.981843	0.178061	0	0	0	0	0	0	0	0	0	0	0	0	0	0
	0	-0.0359946	0.999327	0	0	0	-0.00434916	-0.174569	0.983065	0	0	0	0	0	0	0	0	0	0	0	0	0	0
	1	0	0.00710784	0	0	0	0.997087	0.074224	-0.0433314	0	0	0	0	0	0	0	0	0	0	0	0	0	0
	0.416163	-0.00369251	0.105474	1	0	0	0.343004	0.0228909	0	0	0	0	0	0	0	0	0	0	0	0	0	0	0
	-0.151738	-0.102519	-0.00477095	0	1	0	-0.0609851	-0.0195164	0	0	0	0	0	0	0	0	0	0	0	0	0	0	0
	0	-0.421356	0.136656	0	0	1	0.0259299	-0.348705	0	0	0	0	0	0	0	0	0	0	0	0	0	0	0
0.07	0	0.99936	0.035774	0	0	0	0	0	0	0	0	0	0	-0.078502	-0.82283	0.564486	0	0	0	0	0	0	0
	0	-0.0357749	0.999334	0	0	0	0	0	0	0	0	0	0	-0.00442155	-0.564289	-0.825249	0	0	0	0	0	0	0
	1	0	0.00724938	0	0	0	0	0	0	0	0	0	0	0.996904	-0.0672972	0.0178672	0	0	0	0	0	0	0
	0.360117	0.00338192	-0.0918595	1	0	0	0	0	0	0	0	0	0	0.287915	-0.0229667	8.67362e-19	0	0	0	0	0	0	0
	0.122766	0.0944726	0.0042718	0	1	0	0	0	0	0	0	0	0	0.197449	-0.00815034	0	0	0	0	0	0	0	0
	0	-0.355495	-0.135567	0	0	1	0	0	0	0	0	0	0	0.0235479	0.349151	-2.77556e-17	0	0	0	0	0	0	0
0.07	0	0.99936	0.035774	0	0	0	-0.078502	0.983977	0.164697	0	0	0	0	0	0	0	0	0	0	0	0	0	0
	0	-0.0357749	0.999334	0	0	0	-0.00442155	-0.160924	0.985289	0	0	0	0	0	0	0	0	0	0	0	0	0	0
	1	0	0.00724938	0	0	0	0.996904	0.0767702	-0.0456039	0	0	0	0	0	0	0	0	0	0	0	0	0	0
	0.416965	-0.00369073	0.106119	1	0	0	0.343713	0.0239058	0	0	0	0	0	0	0	0	0	0	0	0	0	0	0
	-0.147252	-0.103099	-0.00475811	0	1	0	-0.0562124	-0.0201309	-4.33681e-19	0	0	0	0	0	0	0	0	0	0	0	0	0	0
	0	-0.421966	0.132237	0	0	1	0.0268166	-0.348602	-6.93889e-18	0	0	0	0	0	0	0	0	0	0	0	0	0	0
0.075	0	0.999365	0.035623	0	0	0	0	0	0	0	0	0	0	-0.080781	-0.82418	0.562278	0	0	0	0	0	0	0
	0	-0.035624	0.999338	0	0	0	0	0	0	0	0	0	0	-0.00452415	-0.562066	-0.826746	0	0	0	0	0	0	0
	1	0	0.00742315	0	0	0	0	0	0	0	0	0	0	0.996722	-0.0693483	0.0182752	0	0	0	0	0	0	0
	0.360642	0.00336888	-0.091828	1	0	0	0	0	0	0	0	0	0	0.288384	-0.0236619	0	0	0	0	0	0	0	0
	0.122233	0.0945077	0.00427614	0	1	0	0	0	0	0	0	0	0	0.196669	-0.00837584	0	0	0	0	0	0	0	0
	0	-0.356059	-0.134999	0	0	1	0	0	0	0	0	0	0	0.0242652	0.349099	0	0	0	0	0	0	0	0
0.075	0	0.999365	0.035623	0	0	0	-0.080781	0.986022	0.150614	0	0	0	0	0	0	0	0	0	0	0	0	0	0
	0	-0.035624	0.999338	0	0	0	-0.00452415	-0.146564	0.987438	0	0	0	0	0	0	0	0	0	0	0	0	0	0
	1	0	0.00742315	0	0	0	0.996722	0.0792486	-0.0477721	0	0	0	0	0	0	0	0	0	0	0	0	0	0
	0.417737	-0.00369465	0.106745	1	0	0	0.344395	0.024938	-3.46945e-18	0	0	0	0	0	0	0	0	0	0	0	0	0	0
	-0.142512	-0.103647	-0.00475244	0	1	0	-0.0511915	-0.0206641	4.33681e-19	0	0	0	0	0	0	0	0	0	0	0	0	0	0
	0	-0.422549	0.127537	0	0	1	0.0276797	-0.348498	-6.93889e-18	0	0	0	0	0	0	0	0	0	0	0	0	0	0
0.08	0	0.999368	0.0355504	0	0	0	0	0	0	0	0	0	0	-0.0829896	-0.825957	0.559422	0	0	0	0	0	0	0
	0	-0.0355514	0.999339	0	0	0	0	0	0	0	0	0	0	-0.00465212	-0.559194	-0.828673	0	0	0	0	0	0	0
	1	0	0.00762574	0	0	0	0	0	0	0	0	0	0	0.99654	-0.0713944	0.0186373	0	0	0	0	0	0	0
	0.361308	0.00336369	-0.091797	1	0	0	0	0	0	0	0	0	0	0.289002	-0.0243546	0	0	0	0	0	0	0	0
	0.121462	0.094555	0.00428983	0	1	0	0	0	0	0	0	0	0	0.195662	-0.00859109	4.33681e-19	0	0	0	0	0	0	0
	0	-0.356762	-0.134226	0	0	1	0	0	0	0	0	0	0	0.0249808	0.349046	2.77556e-17	0	0	0	0	0	0	0
0.08	0	0.999368	0.0355504	0	0	0	-0.0829896	0.987946	0.135832	0	0	0	0	0	0	0	0	0	0	0	0	0	0
	0	-0.0355514	0.999339	0	0	0	-0.00465212	-0.131509	0.989478	0	0	0	0	0	0	0	0	0	0	0	0	0	0
	1	0	0.00762574	0	0	0	0.99654	0.0816601	-0.0498342	0	0	0	0	0	0	0	0	0	0	0	0	0	0
	0.418467	-0.00370538	0.107348	1	0	0	0.345038	0.0259865	-3.46945e-18	0	0	0	0	0	0	0	0	0	0	0	0	0	0
	-0.137527	-0.10416	-0.00475402	0	1	0	-0.0459292	-0.0211139	0	0	0	0	0	0	0	0	0	0	0	0	0	0	0
	0	-0.423092	0.122559	0	0	1	0.0285196	-0.348395	-6.93889e-18	0	0	0	0	0	0	0	0	0	0	0	0	0	0
0.085	0	0.999367	0.0355654	0	0	0	0	0	0	0	0	0	0	-0.0851314	-0.828154	0.555913	0	0	0	0	0	0	0
	0	-0.0355665	0.999336	0	0	0	0	0	0	0	0	0	0	-0.00479948	-0.555668	-0.831024	0	0	0	0	0	0	0
	1	0	0.00785263	0	0	0	0	0	0	0	0	0	0	0.996358	-0.0734363	0.0189569	0	0	0	0	0	0	0
	0.362113	0.00336719	-0.0917668	1	0	0	0	0	0	0	0	0	0	0.289767	-0.0250464	0	0	0	0	0	0	0	0
	0.120449	0.0946133	0.00431293	0	1	0	0	0	0	0	0	0	0	0.194426	-0.00879374	0	0	0	0	0	0	0	0
	0	-0.3576	-0.133248	0	0	1	0	0	0	0	0	0	0	0.025695	0.348992	-2.77556e-17	0	0	0	0	0	0	0
0.085	0	0.999367	0.0355654	0	0	0	-0.0851314	0.989715	0.120381	0	0	0	0	0	0	0	0	0	0	0	0	0	0
	0	-0.0355665	0.999336	0	0	0	-0.00479948	-0.115791	0.991376	0	0	0	0	0	0	0	0	0	0	0	0	0	0
	1	0	0.00785263	0	0	0	0.996358	0.0840061	-0.05179	0	0	0	0	0	0	0	0	0	0	0	0	0	0
	0.419142	-0.00372402	0.107928	1	0	0	0.345631	0.0270497	0	0	0	0	0	0	0	0	0	0	0	0	0	0	0
	-0.132308	-0.10464	-0.00476287	0	1	0	-0.0404368	-0.0214795	0	0	0	0	0	0	0	0	0	0	0	0	0	0	0
	0	-0.423582	0.117313	0	0	1	0.0293368	-0.348291	0	0	0	0	0	0	0	0	0	0	0	0	0	0	0
0.09	0	0.999363	0.0356769	0	0	0	0	0	0	0	0	0	0	-0.0872104	-0.83076	0.551751	0	0	0	0	0	0	0
	0	-0.035678	0.999331	0	0	0	0	0	0	0	0	0	0	-0.00495919	-0.55149	-0.833787	0	0	0	0	0	0	0
	1	0	0.00809821	0	0	0	0	0	0	0	0	0	0	0.996178	-0.0754744	0.0192386	0	0	0	0	0	0	0
	0.363053	0.00338018	-0.0917378	1	0	0	0	0	0	0	0	0	0	0.290676	-0.0257388	1.73472e-18	0	0	0	0	0	0	0
	0.119195	0.0946809	0.00434533	0	1	0	0	0	0	0	0	0	0	0.192962	-0.00898117	1.30104e-18	0	0	0	0	0	0	0
	0	-0.35857	-0.132067	0	0	1	0	0	0	0	0	0	0	0.0264079	0.348937	0	0	0	0	0	0	0	0
0.09	0	0.999363	0.0356769	0	0	0	-0.0872104	0.991294	0.104303	0	0	0	0	0	0	0	0	0	0	0	0	0	0
	0	-0.035678	0.999331	0	0	0	-0.00495919	-0.0994526	0.993098	0	0	0	0	0	0	0	0	0	0	0	0	0	0
	1	0	0.00809821	0	0	0	0.996178	0.0862878	-0.0536414	0	0	0	0	0	0	0	0	0	0	0	0	0	0
	0.419748	-0.00375166	0.108482	1	0	0	0.346163	0.0281251	0	0	0	0	0	0	0	0	0	0	0	0	0	0	0
	-0.12687	-0.105086	-0.00477896	0	1	0	-0.0347291	-0.0217611	4.33681e-19	0	0	0	0	0	0	0	0	0	0	0	0	0	0
	0	-0.424007	0.11181	0	0	1	0.0301319	-0.348189	0	0	0	0	0	0	0	0	0	0	0	0	0	0	0
0.095	0	0.999356	0.0358927	0	0	0	0	0	0	0	0	0	0	-0.0892306	-0.833755	0.546945	0	0	0	0	0	0	0
	0	-0.035894	0.999321	0	0	0	0	0	0	0	0	0	0	-0.00512338	-0.546667	-0.836942	0	0	0	0	0	0	0
	1	0	0.00835608	0	0	0	0	0	0	0	0	0	0	0.995998	-0.0775075	0.0194877	0	0	0	0	0	0	0
	0.364122	0.00340335	-0.0917099	1	0	0	0	0	0	0	0	0	0	0.291722	-0.0264329	0	0	0	0	0	0	0	0
	0.117702	0.0947558	0.00438676	0	1	0	0	0	0	0	0	0	0	0.191273	-0.00915052	0	0	0	0	0	0	0	0
	0	-0.359662	-0.130691	0	0	1	0	0	0	0	0	0	0	0.0271191	0.34888	-2.77556e-17	0	0	0	0	0	0	0
0.095	0	0.999356	0.0358927	0	0	0	-0.0892306	0.992649	0.0876499	0	0	0	0	0	0	0	0	0	0	0	0	0	0
	0	-0.035894	0.999321	0	0	0	-0.00512338	-0.082548	0.99461	0	0	0	0	0	0	0	0	0	0	0	0	0	0
	1	0	0.00835608	0	0	0	0.995998	0.088506	-0.0553923	0	0	0	0	0	0	0	0	0	0	0	0	0	0
	0.420272	-0.0037893	0.109009	1	0	0	0.346621	0.0292098	-3.46945e-18	0	0	0	0	0	0	0	0	0	0	0	0	0	0
	-0.121233	-0.105501	-0.0048022	0	1	0	-0.0288247	-0.0219599	2.1684e-19	0	0	0	0	0	0	0	0	0	0	0	0	0	0
	0	-0.424352	0.106066	0	0	1	0.0309052	-0.348087	-3.46945e-18	0	0	0	0	0	0	0	0	0	0	0	0	0	0
